# raw
mid = [1, 2, 3, 4, 5, 6, 7, 8, 10, 11, 12, 13, 14, 15, 16, 17, 18, 19, 20, 
    21, 22, 24, 25, 26, 27, 29, 31, 32, 33, 34, 35, 36, 37, 39, 40, 41, 43, 
    44, 45, 46, 47, 48, 49, 50, 51, 52, 53, 54, 55, 56, 57, 58, 59, 60, 62, 
    63, 64, 65, 66, 67, 69, 70, 71, 72, 73, 74, 75, 76, 77, 78, 79, 80, 81, 
    82, 83, 84, 85, 86, 87, 88, 89, 90, 91, 92, 93, 94, 95, 96, 97, 98, 99, 
    100, 101, 102, 104, 105, 106, 107, 108, 109, 110, 111, 112, 113, 114, 116, 
    117, 118, 119, 120, 122, 123, 125, 126, 127, 128, 129, 130, 131, 132, 133, 
    134, 135, 136, 137, 138, 141, 142, 143, 144, 146, 148, 149, 152, 154, 155, 
    156, 157, 158, 160, 161, 162, 163, 164, 165, 167, 168, 169, 170, 171, 172, 
    173, 174, 175, 176, 180]

# processed
mid_full = [2, 3, 4, 5, 6, 7, 8, 10, 12, 13, 14, 15, 16, 17, 19, 20, 21, 22, 24, 
        25, 27, 29, 31, 32, 33, 34, 35, 36, 37, 39, 40, 43, 44, 45, 46, 47, 48, 
        49, 50, 51, 52, 53, 54, 55, 56, 59, 60, 62, 63, 64, 65, 66, 67, 69, 70, 
        71, 72, 73, 74, 75, 76, 77, 78, 80, 81, 82, 83, 84, 86, 87, 88, 89, 90, 
        91, 92, 93, 94, 95, 96, 97, 98, 99, 100, 101, 102, 104, 105, 106, 107, 
        108, 110, 111, 112, 113, 114, 116, 117, 118, 119, 120, 122, 123, 125, 
        126, 127, 128, 129, 130, 131, 132, 133, 134, 135, 136, 137, 138, 141, 
        142, 143, 144, 148, 149, 152, 154, 155, 156, 157, 158, 160, 161, 162, 
        163, 164, 165, 167, 168, 169, 170, 171, 172, 173, 175]

# Confirmed bad id
mid_bad = [71, 77, 78, 82, 86, 104, 107, 125, 130, 132, 138]

# Good and Bad id (By classification methods)
good_na = [2, 5, 6, 7, 8, 10, 12, 13, 14, 15, 19, 24, 25, 29, 
        31, 33, 39, 43, 62, 65, 67, 73, 84, 99, 101, 102, 108, 
        112, 114, 117, 122, 127, 144, 148, 149, 154, 156, 160, 
        162, 163, 167, 169, 175]

bad_na = [3, 4, 16, 17, 20, 21, 22, 27, 32, 34, 35, 36, 37, 40, 
        44, 45, 46, 47, 48, 49, 50, 51, 52, 53, 54, 55, 56, 59, 
        60, 63, 64, 66, 69, 70, 71, 72, 74, 75, 76, 77, 78, 80, 
        81, 82, 83, 86, 87, 88, 89, 90, 91, 92, 93, 94, 95, 96, 
        97, 98, 100, 104, 105, 106, 107, 110, 111, 113, 116, 118, 
        119, 120, 123, 125, 126, 128, 129, 130, 131, 132, 133, 134, 
        135, 136, 137, 138, 141, 142, 143, 152, 155, 157, 158, 161, 
        164, 165, 168, 170, 171, 172, 173]

# Threshold=20
bad_friend_consistency = [0, 12, 15, 23, 35, 70, 79, 90, 95, 100, 101, 106, 116, 129, 155]

# Threshold=10
bad_wechat_consistency = [0, 1, 38, 57, 61]

# Threshold=20
bad_roommate_consistency = [0, 1, 24, 30, 35, 38, 57, 61, 70, 73, 79, 81, 99, 100, 102, 
                        106, 107, 116, 129, 143, 150, 155]

bad_roommate_num = [0, 2, 3, 5, 6, 7, 9, 11, 12, 13, 14, 15, 16, 17, 18, 19, 20, 21, 
                23, 24, 25, 26, 28, 30, 31, 32, 35, 38, 56, 57, 59, 61, 64, 68, 70, 
                73, 74, 79, 81, 83, 90, 91, 93, 94, 96, 97, 99, 100, 101, 102, 103, 
                106, 107, 108, 110, 111, 112, 113, 114, 116, 118, 123, 125, 128, 129, 
                131, 135, 139, 143, 145, 146, 147, 148, 149, 150, 151, 152, 155, 157, 
                161, 163]


